0.258519 0.000010 0.237347 0.077464 0.368320 0.058340
0.475930 0.204851 0.087372 0.000010 0.000010 0.231827
0.069979 0.047783 0.882208 0.000010 0.000010 0.000010
0.070414 0.310430 0.202547 0.110314 0.256186 0.050109
0.236661 0.000010 0.763299 0.000010 0.000010 0.000010
0.198752 0.019405 0.623003 0.086701 0.072129 0.000010
0.000013 0.879379 0.000010 0.000010 0.120578 0.000010
0.000010 0.675984 0.000010 0.000010 0.323976 0.000010
0.835625 0.000010 0.000010 0.000010 0.164335 0.000010
0.000010 0.557431 0.379857 0.000011 0.062681 0.000010
0.135694 0.063304 0.642009 0.000010 0.102451 0.056532
0.000010 0.000010 0.000010 0.999950 0.000010 0.000010
0.000010 0.589738 0.410222 0.000010 0.000010 0.000010
0.000010 0.000010 0.999950 0.000010 0.000010 0.000010
0.000010 0.999950 0.000010 0.000010 0.000010 0.000010
0.000010 0.999950 0.000010 0.000010 0.000010 0.000010
0.111348 0.000010 0.000010 0.080599 0.764609 0.043424
0.178932 0.000010 0.057384 0.185861 0.351333 0.226481
0.000010 0.000010 0.454329 0.127190 0.100894 0.317568
0.000010 0.000010 0.999950 0.000010 0.000010 0.000010
0.000010 0.044293 0.955667 0.000010 0.000010 0.000010
0.000010 0.000010 0.999950 0.000010 0.000010 0.000010
0.241050 0.014455 0.634010 0.084186 0.000010 0.026289
0.283286 0.040565 0.507455 0.115346 0.053338 0.000010
0.033750 0.000010 0.000010 0.966210 0.000010 0.000010
0.211985 0.000010 0.713271 0.029576 0.029087 0.016071
0.000010 0.000010 0.000010 0.999950 0.000010 0.000010
0.149800 0.000010 0.302618 0.000010 0.139815 0.407747
0.213894 0.012377 0.549729 0.106155 0.058493 0.059354
0.000010 0.000010 0.965325 0.000010 0.034635 0.000010
0.000010 0.000010 0.999950 0.000010 0.000010 0.000010
0.000010 0.000010 0.782722 0.000010 0.210534 0.006714
0.213209 0.000010 0.649356 0.122101 0.015315 0.000010
0.000010 0.000010 0.000010 0.000010 0.269932 0.730028
0.000010 0.000010 0.000010 0.064875 0.149735 0.785360
0.649688 0.226171 0.112703 0.011418 0.000010 0.000010
0.317730 0.006088 0.676152 0.000010 0.000010 0.000010
0.773505 0.000010 0.000010 0.000010 0.208459 0.018005
0.176331 0.000010 0.823629 0.000010 0.000010 0.000010
0.142710 0.026586 0.135465 0.606111 0.089119 0.000010
0.000010 0.000010 0.000011 0.000010 0.000010 0.999949
0.554094 0.132253 0.027742 0.000010 0.201243 0.084657
0.102212 0.023348 0.032700 0.000010 0.077396 0.764334
0.000010 0.048904 0.000010 0.000010 0.026745 0.924321
0.108339 0.067928 0.061342 0.573949 0.188432 0.000010
0.740560 0.259400 0.000010 0.000010 0.000010 0.000010
0.099904 0.029372 0.076286 0.793709 0.000010 0.000719
0.186964 0.092658 0.506804 0.132577 0.052888 0.028110
0.000010 0.000010 0.000010 0.999950 0.000010 0.000010
0.000010 0.098737 0.000010 0.901223 0.000010 0.000010
0.000010 0.000010 0.182653 0.717946 0.021022 0.078359
0.159016 0.090463 0.525440 0.016362 0.111018 0.097701
0.137373 0.166296 0.585461 0.000010 0.094186 0.016674
0.090703 0.039164 0.557626 0.178011 0.062132 0.072364
0.344076 0.160061 0.495832 0.000010 0.000010 0.000010
0.612676 0.078870 0.308424 0.000010 0.000010 0.000010
0.449017 0.000010 0.000010 0.000010 0.490957 0.059996
0.824436 0.105387 0.000010 0.000010 0.070147 0.000010
0.905236 0.094724 0.000010 0.000010 0.000010 0.000010
0.000010 0.894880 0.000010 0.028340 0.061060 0.015700
0.509702 0.331097 0.000010 0.051258 0.107924 0.000010
0.273985 0.204959 0.292412 0.200686 0.000010 0.027947
0.000010 0.672516 0.000010 0.000010 0.000010 0.327444
0.000010 0.308281 0.000010 0.000010 0.000010 0.691679
0.000010 0.999950 0.000010 0.000010 0.000010 0.000010
0.000010 0.999950 0.000010 0.000010 0.000010 0.000010
0.393747 0.316323 0.044592 0.164068 0.073526 0.007743
0.430204 0.214616 0.122808 0.145238 0.087125 0.000010
0.000010 0.092782 0.907178 0.000010 0.000010 0.000010
0.004173 0.000010 0.995787 0.000010 0.000010 0.000010
0.173086 0.000010 0.722874 0.001371 0.102648 0.000010
0.000404 0.000010 0.970722 0.000010 0.000010 0.028845
0.112072 0.029011 0.858887 0.000010 0.000010 0.000010
0.107299 0.120628 0.772044 0.000010 0.000010 0.000010
0.000010 0.890877 0.000015 0.000010 0.000010 0.109077
0.105363 0.000010 0.758257 0.012182 0.032065 0.092123
0.069788 0.000010 0.832909 0.000010 0.097273 0.000010
0.255854 0.008048 0.725882 0.000010 0.000010 0.010196
0.000010 0.020129 0.979831 0.000010 0.000010 0.000010
0.137658 0.107635 0.491715 0.168243 0.000010 0.094739
0.655996 0.269564 0.000010 0.058338 0.016082 0.000010
0.185793 0.043676 0.000010 0.156027 0.088381 0.526113
0.000010 0.000010 0.000010 0.000010 0.000010 0.999950
0.000010 0.112741 0.000010 0.000010 0.061151 0.826078
0.372625 0.253205 0.000010 0.374140 0.000010 0.000010
0.089286 0.006146 0.579337 0.015593 0.106839 0.202799
0.459415 0.540544 0.000011 0.000010 0.000010 0.000010
0.000010 0.000010 0.000010 0.999950 0.000010 0.000010
0.000018 0.000010 0.000010 0.999942 0.000010 0.000010
0.000010 0.000010 0.000010 0.999950 0.000010 0.000010
0.161531 0.000010 0.484775 0.267867 0.085807 0.000010
0.000010 0.000010 0.000010 0.999950 0.000010 0.000010
0.000010 0.057927 0.000010 0.884440 0.057603 0.000010
0.749900 0.018690 0.000010 0.231380 0.000010 0.000010
0.000010 0.718408 0.000010 0.000010 0.000010 0.281552
0.000010 0.021868 0.978091 0.000011 0.000010 0.000010
0.054701 0.153722 0.700096 0.059592 0.031878 0.000010
0.000010 0.089982 0.909978 0.000010 0.000010 0.000010
0.000010 0.117433 0.822661 0.000010 0.059876 0.000010
0.025603 0.000010 0.974357 0.000010 0.000010 0.000010
0.064845 0.148417 0.786709 0.000010 0.000010 0.000010
0.000010 0.000010 0.999950 0.000010 0.000010 0.000010
0.716499 0.094002 0.000010 0.000010 0.189469 0.000010
0.764266 0.176731 0.014880 0.044102 0.000010 0.000010
0.755612 0.000010 0.000010 0.000010 0.244348 0.000010
0.969245 0.000010 0.000010 0.000010 0.030715 0.000010
0.314429 0.059470 0.000010 0.000010 0.495475 0.130606
0.000010 0.101943 0.000010 0.000010 0.814040 0.083987
0.091524 0.187980 0.000010 0.040458 0.633349 0.046679
0.162925 0.000010 0.000010 0.000010 0.837035 0.000010
0.175939 0.000011 0.000010 0.000010 0.770778 0.053251
0.368283 0.000207 0.291987 0.000010 0.233735 0.105778
0.422728 0.089820 0.085425 0.210365 0.000010 0.191652
0.096851 0.000011 0.000010 0.903109 0.000010 0.000010
0.117878 0.000010 0.000013 0.000010 0.737190 0.144899
0.017415 0.266242 0.641207 0.000010 0.075116 0.000010
0.208020 0.079262 0.000010 0.042842 0.549289 0.120576
0.161733 0.014833 0.559413 0.023716 0.010097 0.230207
0.019183 0.098602 0.779553 0.000010 0.000010 0.102642
0.000010 0.383538 0.616422 0.000010 0.000010 0.000010
0.000010 0.043946 0.317340 0.274269 0.274471 0.089964
0.000010 0.430889 0.507330 0.025274 0.000010 0.036487
0.000010 0.091529 0.901961 0.000010 0.001217 0.005273
0.000010 0.000011 0.484540 0.000013 0.515417 0.000010
0.000010 0.000010 0.511030 0.000010 0.488930 0.000010
0.000010 0.040696 0.769697 0.037136 0.000010 0.152451
0.000010 0.873202 0.000010 0.000010 0.098102 0.028666
0.000010 0.999950 0.000010 0.000010 0.000010 0.000010
0.000010 0.999950 0.000010 0.000010 0.000010 0.000010
0.000010 0.999950 0.000010 0.000010 0.000010 0.000010
0.000010 0.806512 0.039925 0.085254 0.000010 0.068289
0.442306 0.084216 0.189202 0.000010 0.101355 0.182912
0.497928 0.090555 0.182622 0.015484 0.016619 0.196792
0.024252 0.975708 0.000010 0.000010 0.000010 0.000010
0.348776 0.066665 0.000010 0.000010 0.000010 0.584529
0.047852 0.899563 0.000010 0.000010 0.000010 0.052555
0.063603 0.469343 0.258766 0.015679 0.116234 0.076376
0.023873 0.062639 0.000010 0.229710 0.683409 0.000359
0.081236 0.036985 0.000012 0.000010 0.796947 0.084811
0.000010 0.000010 0.944045 0.055915 0.000010 0.000010
0.101652 0.004333 0.000010 0.000010 0.694729 0.199266
0.000010 0.466385 0.000012 0.533573 0.000010 0.000010
0.264425 0.000010 0.672917 0.000010 0.062628 0.000010
0.000010 0.000010 0.932440 0.000010 0.067520 0.000010
0.000018 0.136089 0.000010 0.080736 0.235205 0.547942
0.000010 0.000010 0.000010 0.000010 0.000010 0.999950
0.408211 0.026210 0.508891 0.056668 0.000010 0.000010
0.000010 0.811695 0.000010 0.000010 0.008761 0.179514
0.000010 0.000010 0.000010 0.999950 0.000010 0.000010
0.000010 0.999950 0.000010 0.000010 0.000010 0.000010
0.077477 0.000010 0.000010 0.006934 0.743360 0.172209
0.160177 0.078743 0.000010 0.000010 0.658026 0.103035
0.000010 0.124622 0.859945 0.000010 0.015403 0.000010
0.000010 0.087606 0.706821 0.026265 0.125517 0.053782
0.559306 0.000011 0.440653 0.000010 0.000010 0.000010
0.492350 0.138319 0.012250 0.026320 0.047412 0.283349
0.000010 0.006436 0.480163 0.020464 0.492916 0.000010
0.000010 0.065931 0.447020 0.453588 0.033441 0.000010
0.009070 0.990890 0.000010 0.000010 0.000010 0.000010
0.079270 0.000010 0.806305 0.021460 0.000010 0.092945
0.185799 0.000010 0.695329 0.000010 0.057745 0.061107
0.074510 0.000010 0.000010 0.000010 0.857726 0.067734
0.000010 0.059689 0.916929 0.023352 0.000010 0.000010
0.006713 0.193723 0.619207 0.028955 0.000010 0.151392
0.000010 0.495070 0.049838 0.259032 0.196040 0.000010
0.181894 0.277684 0.296654 0.128321 0.000010 0.115437
0.083145 0.093320 0.731940 0.000010 0.074059 0.017527
0.215124 0.000010 0.020420 0.097541 0.267279 0.399626
0.159192 0.273807 0.443891 0.000010 0.045888 0.077212
0.683242 0.222290 0.000010 0.030752 0.000010 0.063696
0.558689 0.159695 0.070658 0.000010 0.012577 0.198370
0.000010 0.111518 0.000010 0.860101 0.028351 0.000010
0.067247 0.116545 0.335583 0.168437 0.001161 0.311027
0.166458 0.081341 0.008520 0.035452 0.668172 0.040058
0.227265 0.419340 0.184399 0.111239 0.000010 0.057748
0.000010 0.076739 0.076061 0.847171 0.000010 0.000010
0.060283 0.000010 0.939676 0.000011 0.000010 0.000010
0.019073 0.000010 0.946294 0.034604 0.000010 0.000010
0.000010 0.090167 0.909793 0.000010 0.000010 0.000010
0.194407 0.099866 0.388945 0.000010 0.005149 0.311623
0.320992 0.000010 0.574948 0.000010 0.000010 0.104031
0.365904 0.000010 0.154441 0.097376 0.104245 0.278023
0.315010 0.000010 0.125613 0.143666 0.136007 0.279695
0.000010 0.000010 0.000010 0.999950 0.000010 0.000010
0.072468 0.006198 0.919312 0.002002 0.000010 0.000010
0.320295 0.030133 0.594889 0.023884 0.013177 0.017621
0.140421 0.025959 0.004868 0.139921 0.127372 0.561459
0.161161 0.037348 0.000010 0.111345 0.135634 0.554503
0.000010 0.000018 0.999942 0.000010 0.000010 0.000010
0.047728 0.386926 0.548759 0.000010 0.016567 0.000010
0.703876 0.000010 0.000010 0.229363 0.000010 0.066731
0.219462 0.000010 0.249178 0.141337 0.064970 0.325043
0.072460 0.007975 0.567207 0.298636 0.000010 0.053712
0.000010 0.000010 0.312988 0.142302 0.544680 0.000010
0.000010 0.999950 0.000010 0.000010 0.000010 0.000010
0.000010 0.506080 0.000010 0.000010 0.000010 0.493880
0.000010 0.300733 0.000010 0.000010 0.699227 0.000010
0.000010 0.000014 0.898063 0.000012 0.000010 0.101890
0.008231 0.082302 0.714891 0.000012 0.000010 0.194554
0.000010 0.295516 0.704444 0.000010 0.000010 0.000010
0.000010 0.999950 0.000010 0.000010 0.000010 0.000010
0.000010 0.000010 0.000010 0.000010 0.999950 0.000010
0.000010 0.000010 0.467920 0.126802 0.044729 0.360529
0.000010 0.999950 0.000010 0.000010 0.000010 0.000010
0.000010 0.834292 0.000010 0.000010 0.165668 0.000010
0.000010 0.999950 0.000010 0.000010 0.000010 0.000010
0.000010 0.000010 0.797563 0.000010 0.202397 0.000010
0.000010 0.048304 0.325585 0.436545 0.178498 0.011059
0.269920 0.037272 0.184538 0.096643 0.108459 0.303167
0.000010 0.609499 0.390461 0.000010 0.000010 0.000010
0.000010 0.999950 0.000010 0.000010 0.000010 0.000010
0.000010 0.511516 0.132711 0.055415 0.074003 0.226344
0.000010 0.475410 0.000010 0.000010 0.524550 0.000010
0.000010 0.766973 0.000010 0.000010 0.232987 0.000010
0.000010 0.123063 0.000010 0.000010 0.876897 0.000010
0.000010 0.912954 0.000010 0.000010 0.087006 0.000010
0.000010 0.999941 0.000010 0.000019 0.000010 0.000010
0.000010 0.829281 0.000010 0.000010 0.170679 0.000010
0.039690 0.497728 0.105068 0.000010 0.000010 0.357494
0.000010 0.000010 0.260867 0.587577 0.151526 0.000010
0.000010 0.063338 0.392682 0.043256 0.427742 0.072973
0.000010 0.305043 0.000010 0.694917 0.000010 0.000010
0.467859 0.065105 0.104333 0.000010 0.034452 0.328240
0.000010 0.388345 0.611615 0.000010 0.000010 0.000010
0.000010 0.085684 0.702140 0.000010 0.167790 0.044367
0.000010 0.999950 0.000010 0.000010 0.000010 0.000010
0.000010 0.181851 0.116983 0.701135 0.000010 0.000010
0.000010 0.283706 0.389066 0.139985 0.061807 0.125427
0.000010 0.000010 0.999950 0.000010 0.000010 0.000010
0.000010 0.061682 0.938278 0.000010 0.000010 0.000010
0.000010 0.000010 0.017866 0.821462 0.000010 0.160642
0.000010 0.008360 0.938710 0.000010 0.011140 0.041771
0.000010 0.000010 0.000010 0.000010 0.999950 0.000010
0.000010 0.000010 0.000010 0.000010 0.000010 0.999950
0.324014 0.022499 0.000010 0.029768 0.047916 0.575793
0.000010 0.320159 0.392347 0.081297 0.206177 0.000010
0.000010 0.000010 0.000010 0.000010 0.999950 0.000010
0.000010 0.663469 0.000010 0.013805 0.322695 0.000010
0.000010 0.000010 0.000010 0.000010 0.999950 0.000010
0.000010 0.996777 0.003183 0.000010 0.000010 0.000010
0.000010 0.016086 0.983874 0.000010 0.000010 0.000010
0.000010 0.000010 0.000015 0.000010 0.000010 0.999945
0.090837 0.026874 0.717036 0.011935 0.018375 0.134943
0.073599 0.924037 0.000010 0.000010 0.000010 0.002334
0.082352 0.191441 0.000010 0.000011 0.726175 0.000010
0.000010 0.000010 0.999950 0.000010 0.000010 0.000010
0.384874 0.448419 0.032677 0.000010 0.000010 0.134010
0.000010 0.000010 0.000010 0.000010 0.999950 0.000010
0.000010 0.000010 0.999950 0.000010 0.000010 0.000010
0.000010 0.000010 0.999950 0.000010 0.000010 0.000010
0.000010 0.027362 0.970010 0.002598 0.000010 0.000010
0.002010 0.929517 0.068442 0.000010 0.000010 0.000010
0.000010 0.010624 0.988917 0.000429 0.000010 0.000010
0.019796 0.106320 0.087348 0.553829 0.109368 0.123340
0.000010 0.000010 0.000010 0.000010 0.999950 0.000010
0.000010 0.700524 0.000010 0.101542 0.167645 0.030269
0.000010 0.213036 0.013395 0.000010 0.000010 0.773539
0.000010 0.000010 0.000010 0.000010 0.000010 0.999950
0.000010 0.248327 0.751633 0.000010 0.000010 0.000010
0.000010 0.784270 0.000010 0.215690 0.000010 0.000010
0.088656 0.021604 0.729028 0.016918 0.000010 0.143782
0.000010 0.460795 0.256116 0.037229 0.133022 0.112828
0.000010 0.413153 0.556614 0.018875 0.000010 0.011338
0.000010 0.000010 0.385575 0.536808 0.000010 0.077587
0.000010 0.161359 0.699052 0.000010 0.139559 0.000010
0.000010 0.000010 0.978795 0.000015 0.000010 0.021160
0.006009 0.529054 0.464907 0.000010 0.000010 0.000010
0.000010 0.085841 0.845992 0.000010 0.068137 0.000010
0.000010 0.999950 0.000010 0.000010 0.000010 0.000010
0.000010 0.980673 0.000010 0.008951 0.000010 0.010346
0.000010 0.000010 0.923633 0.000010 0.015267 0.061070
0.000010 0.536575 0.315038 0.012135 0.136231 0.000010
0.182200 0.000010 0.065830 0.111635 0.162616 0.477710
0.014511 0.000010 0.000010 0.000154 0.205942 0.779372
0.000011 0.010039 0.857012 0.000010 0.132918 0.000010
0.054863 0.160369 0.597068 0.000010 0.121113 0.066577
0.000010 0.046289 0.867424 0.000010 0.086257 0.000010
0.148590 0.000010 0.791209 0.000010 0.060171 0.000010
0.000010 0.000010 0.452571 0.137562 0.071900 0.337947
0.296956 0.030562 0.284484 0.102152 0.000010 0.285835
0.017972 0.078567 0.903430 0.000010 0.000010 0.000010
0.000010 0.099503 0.877335 0.000010 0.023132 0.000010
0.116737 0.000010 0.065318 0.187378 0.465252 0.165306
0.750269 0.000010 0.000010 0.249691 0.000010 0.000010
0.032401 0.000011 0.000010 0.967558 0.000010 0.000010
0.601819 0.373336 0.024815 0.000010 0.000010 0.000010
0.811056 0.027107 0.000010 0.161807 0.000010 0.000010
0.118117 0.000010 0.000010 0.013188 0.673837 0.194839
0.000010 0.136115 0.863845 0.000010 0.000010 0.000010
0.355343 0.000010 0.327314 0.023618 0.050571 0.243144
0.096664 0.198347 0.550712 0.068162 0.000010 0.086105
0.000010 0.000010 0.000010 0.000010 0.604719 0.395241
0.017410 0.011443 0.000010 0.000010 0.587795 0.383332
0.251659 0.000010 0.531067 0.026086 0.062840 0.128338
0.080740 0.017721 0.000010 0.000010 0.762882 0.138638
0.132943 0.124207 0.000010 0.000010 0.721900 0.020930
0.040562 0.101613 0.005595 0.761400 0.090821 0.000010
0.000010 0.000010 0.000010 0.999950 0.000010 0.000010
0.000011 0.000010 0.000015 0.955894 0.000010 0.044061
0.000010 0.000010 0.000010 0.999950 0.000010 0.000010
0.246061 0.045427 0.657439 0.035714 0.010201 0.005157
0.000010 0.000010 0.000010 0.000010 0.050363 0.949597
0.000010 0.000017 0.000010 0.000010 0.230294 0.769659
0.000010 0.000010 0.549312 0.115945 0.054124 0.280600
0.636640 0.196352 0.160903 0.006085 0.000010 0.000010
0.000010 0.000010 0.002586 0.117258 0.025318 0.854817
0.065953 0.284618 0.024522 0.000010 0.016477 0.608420
0.047360 0.260231 0.643395 0.000010 0.048994 0.000010
0.000010 0.208546 0.791414 0.000010 0.000010 0.000010
0.000010 0.000010 0.627566 0.000010 0.143048 0.229356
0.024742 0.056031 0.000010 0.000010 0.000010 0.919197
0.435731 0.121797 0.273717 0.005763 0.133565 0.029427
0.447897 0.009473 0.000010 0.015377 0.235648 0.291596
0.532744 0.287430 0.107287 0.072518 0.000010 0.000010
0.013124 0.548616 0.093916 0.050490 0.266372 0.027482
0.091804 0.281092 0.037692 0.036031 0.173887 0.379495
0.039667 0.071838 0.339488 0.115788 0.430046 0.003173
0.000010 0.295458 0.122299 0.000010 0.513381 0.068842
0.328447 0.125823 0.367611 0.173545 0.004565 0.000010
0.187413 0.000010 0.812547 0.000010 0.000010 0.000010
0.000010 0.148124 0.092395 0.759451 0.000010 0.000010
0.000010 0.237256 0.650366 0.000010 0.112348 0.000010
0.343056 0.020875 0.310426 0.290251 0.000010 0.035382
0.000010 0.000010 0.471007 0.118161 0.059813 0.350999
0.173706 0.196084 0.562330 0.067860 0.000010 0.000010
0.000010 0.539741 0.249457 0.000010 0.197833 0.012949
0.309552 0.345915 0.138345 0.000010 0.074551 0.131625
0.000010 0.524702 0.475258 0.000010 0.000010 0.000010
0.000010 0.811350 0.065290 0.112663 0.000010 0.010676
0.000010 0.613002 0.028327 0.000010 0.000010 0.358641
0.044406 0.465453 0.431836 0.000010 0.023503 0.034791
0.000010 0.167220 0.000010 0.575088 0.180286 0.077385
0.000017 0.000010 0.000010 0.881577 0.080604 0.037783
0.000010 0.000010 0.460375 0.130280 0.039868 0.369457
0.100713 0.196349 0.702907 0.000010 0.000010 0.000010
0.050753 0.057648 0.886075 0.000010 0.000010 0.005504
0.687571 0.000010 0.000010 0.312389 0.000010 0.000010
0.726528 0.201584 0.000010 0.000010 0.071859 0.000010
0.201629 0.145780 0.340689 0.224175 0.087716 0.000010
0.000010 0.999950 0.000010 0.000010 0.000010 0.000010
0.302444 0.610125 0.000010 0.087400 0.000010 0.000010
0.042678 0.000010 0.957282 0.000010 0.000010 0.000010
0.534081 0.048429 0.417460 0.000010 0.000010 0.000010
0.511872 0.054838 0.256809 0.106505 0.000010 0.069965
0.384593 0.159323 0.157841 0.120247 0.157848 0.020148
0.000010 0.000010 0.346644 0.410192 0.105304 0.137840
0.124982 0.102197 0.394340 0.000010 0.000010 0.378461
0.000010 0.126782 0.873178 0.000010 0.000010 0.000010
0.000010 0.000013 0.999947 0.000010 0.000010 0.000010
0.004683 0.675796 0.283293 0.036208 0.000010 0.000010
0.020213 0.298674 0.620541 0.005631 0.043796 0.011144
0.000010 0.436143 0.372191 0.030735 0.125996 0.034925
0.000010 0.401710 0.000010 0.000010 0.598250 0.000010
0.000010 0.999950 0.000010 0.000010 0.000010 0.000010
0.339968 0.000010 0.000010 0.000010 0.031038 0.628964
0.000010 0.757687 0.000010 0.000010 0.055999 0.186285
0.008657 0.768389 0.149419 0.000010 0.073516 0.000010
0.000010 0.815520 0.000010 0.000010 0.184440 0.000010
0.006899 0.993061 0.000010 0.000010 0.000010 0.000010
0.000010 0.000010 0.999950 0.000010 0.000010 0.000010
0.000010 0.000010 0.999950 0.000010 0.000010 0.000010
0.000010 0.000010 0.918869 0.081091 0.000010 0.000010
0.000010 0.000010 0.962289 0.025292 0.012389 0.000010
0.000010 0.000010 0.000010 0.000010 0.209363 0.790597
0.000010 0.000010 0.000010 0.000010 0.906366 0.093594
0.000010 0.000010 0.000010 0.000010 0.000010 0.999950
0.000010 0.000010 0.977101 0.022859 0.000010 0.000010
0.000010 0.000010 0.416758 0.583202 0.000010 0.000010
0.597885 0.084882 0.152950 0.164263 0.000010 0.000010
0.049663 0.000010 0.000010 0.000010 0.312284 0.638022
0.084132 0.344359 0.405702 0.052059 0.113738 0.000010
0.000010 0.000010 0.999950 0.000010 0.000010 0.000010
0.088028 0.017487 0.725453 0.016278 0.000010 0.152743
0.000010 0.000010 0.478429 0.108594 0.059940 0.353018
0.377739 0.000010 0.000011 0.000010 0.538373 0.083856
0.398475 0.000010 0.000010 0.000010 0.019291 0.582205
0.114566 0.000010 0.151497 0.114851 0.297853 0.321223
0.169977 0.000010 0.693205 0.079752 0.057045 0.000010
0.625107 0.000010 0.000010 0.000010 0.076311 0.298551
0.563501 0.038304 0.068122 0.000010 0.069719 0.260343
0.363739 0.239757 0.366339 0.010676 0.000010 0.019480
0.000010 0.295400 0.682903 0.000010 0.000010 0.021667
0.000010 0.000010 0.999950 0.000010 0.000010 0.000010
0.000010 0.000011 0.999949 0.000010 0.000010 0.000010
0.000010 0.999943 0.000017 0.000010 0.000010 0.000010
0.000010 0.068804 0.000010 0.000010 0.170137 0.761028
0.000010 0.000010 0.964017 0.035943 0.000010 0.000010
0.000010 0.000017 0.000010 0.000010 0.000010 0.999943
0.000010 0.665014 0.000010 0.334946 0.000010 0.000010
0.001696 0.000010 0.000010 0.000010 0.140000 0.858274
0.291862 0.296471 0.000010 0.411638 0.000010 0.000010
0.124957 0.410482 0.000010 0.000010 0.000010 0.464531
0.000010 0.000010 0.000010 0.000010 0.999950 0.000010
0.674644 0.281654 0.000010 0.000010 0.000010 0.043672
0.000010 0.157195 0.739914 0.000010 0.102862 0.000010
0.000010 0.000010 0.989630 0.010330 0.000010 0.000010
0.112594 0.000010 0.000010 0.000010 0.710625 0.176751
0.000010 0.117493 0.681020 0.000010 0.159893 0.041574
0.114208 0.000010 0.740603 0.022723 0.040241 0.082216
0.145536 0.097613 0.321894 0.323371 0.111576 0.000010
